1000
He -10.028 -1.521 0.916
He -4.885 12.139 -0.121
He 13.217 -4.347 4.519
He 10.389 8.832 -1.294
He 11.095 11.941 0.768
He 5.763 -4.107 -16.448
He 3.598 -9.956 -17.455
He 9.426 2.473 1.709
He 7.627 -4.723 -4.326
He 8.657 3.149 2.783
He 6.141 8.876 8.410
He 7.819 16.142 -3.945
He -2.516 6.877 -16.783
He -13.068 1.275 1.664
He 2.569 -7.207 -14.717
He -7.699 -9.295 9.623
He -8.947 8.140 -15.046
He 5.370 15.379 2.668
He -4.701 -14.050 8.932
He -2.410 2.083 1.700
He 7.067 7.199 0.963
He 2.575 18.710 6.957
He 10.758 8.215 -14.949
He 9.807 4.162 9.999
He 13.951 -7.656 -6.603
He 6.562 3.460 18.090
He -5.535 -5.736 14.537
He -9.293 7.444 5.727
He -13.669 -4.853 -1.397
He -2.640 -13.820 4.091
He 7.269 12.715 10.614
He 4.210 -1.709 15.492
He 11.749 1.876 -10.881
He -4.273 6.118 5.765
He -5.018 -4.877 6.661
He 10.168 6.432 -0.350
He 3.204 -14.522 0.555
He -7.358 10.486 -9.210
He -16.100 -7.747 -3.019
He 3.018 -8.252 15.093
He 8.652 14.550 5.445
He -17.090 -0.332 -10.298
He -1.471 2.548 -5.234
He -19.138 -1.370 -4.053
He -14.204 11.964 8.167
He -12.228 13.310 -9.192
He 2.397 -16.360 6.537
He 17.646 -2.103 -3.076
He 10.937 3.303 -4.969
He -5.018 -4.643 -14.933
He 3.509 -11.804 2.351
He 10.231 1.944 10.568
He 15.733 -8.774 1.068
He -0.551 15.026 -1.977
He 1.301 -12.162 -1.142
He -6.847 10.261 -0.622
He 4.129 -5.621 -5.933
He 11.687 4.101 -0.940
He -9.570 9.620 -11.576
He 6.727 10.758 -0.882
He -12.088 -10.835 -7.659
He 12.135 -1.193 -12.242
He -4.399 0.786 -3.739
He -9.367 -0.233 15.637
He 3.821 -15.442 9.047
He -1.388 -4.193 -18.181
He -7.271 1.274 16.807
He -3.609 3.633 -9.474
He 8.401 12.203 -3.157
He -10.952 -12.989 6.260
He 4.902 -14.181 0.055
He 5.768 -6.917 -14.250
He 0.397 19.369 6.111
He 3.288 7.331 -6.244
He -8.533 13.133 9.703
He -14.425 6.828 7.306
He -6.746 -9.351 -5.118
He -7.334 -7.860 -4.490
He 1.667 -15.325 -6.160
He -1.306 -1.040 -8.645
He 0.322 -16.383 -1.934
He 3.712 10.434 7.814
He -4.648 -7.211 2.962
He -12.778 -9.901 -7.437
He -8.400 -0.323 -0.020
He -10.699 -0.848 10.622
He 15.137 -1.615 -1.259
He 14.782 8.934 -10.534
He 5.684 -11.605 8.512
He -6.410 7.536 15.187
He -13.158 11.981 2.919
He -7.744 -2.545 -2.950
He 11.331 0.294 3.561
He -8.830 18.080 -0.498
He -19.099 4.004 3.596
He 3.094 -18.333 8.176
He -6.169 8.636 -8.480
He -6.535 17.361 8.606
He 10.127 17.015 -2.061
He -13.568 -6.332 3.183
He 4.950 8.592 -11.766
He -3.194 6.486 -2.828
He 11.212 1.403 -1.567
He 3.458 -13.456 -8.094
He 8.780 18.310 -0.623
He 0.203 13.177 -15.822
He -4.622 1.161 -15.959
He 10.169 -9.825 7.387
He -0.041 -3.614 -1.309
He -12.862 -8.448 -4.443
He 4.140 11.499 0.918
He -3.977 -13.272 6.418
He -5.698 -2.711 -10.626
He -6.672 -16.624 -5.105
He 11.169 0.643 -16.686
He 0.601 9.793 4.821
He 15.025 -7.267 10.927
He -10.015 2.076 -12.624
He -12.139 -12.466 -3.243
He 12.026 13.662 -1.855
He 7.208 17.362 -5.166
He 10.055 -11.166 -3.877
He -6.652 -2.745 4.745
He 2.478 -10.803 -6.246
He 1.749 -2.620 11.012
He 8.702 13.197 11.263
He 14.857 12.408 4.271
He 6.099 -8.732 7.879
He 3.450 9.537 1.471
He -10.756 10.707 10.010
He 9.365 11.280 7.961
He -16.952 -11.437 -1.827
He 3.978 -6.603 4.086
He 2.971 -12.556 7.907
He -7.185 18.016 -6.342
He -2.679 7.961 -3.017
He -16.916 -1.621 4.892
He 9.443 2.982 10.888
He 8.151 13.419 5.409
He 2.940 4.917 8.949
He -13.615 -4.099 4.891
He 14.647 -10.633 1.404
He -0.338 -0.501 19.725
He 3.785 11.913 -5.299
He 8.127 6.257 -6.771
He -6.429 -16.052 -7.599
He -9.171 4.436 15.999
He 11.922 8.328 8.567
He -15.495 11.502 6.012
He 14.363 -10.284 3.027
He -11.760 -14.472 -7.302
He -10.645 -0.365 5.650
He -0.679 -1.445 19.794
He -7.240 -8.758 -15.239
He -11.656 6.533 14.772
He 5.571 -6.339 3.440
He 5.993 -6.280 -11.311
He 12.647 12.134 -6.181
He -2.324 0.300 -4.868
He -15.392 12.479 3.823
He -9.493 -16.014 -3.365
He -17.723 -7.633 -4.408
He 12.092 -12.911 -9.719
He -3.419 5.075 16.823
He 5.853 4.747 -8.605
He -1.167 -13.287 7.997
He -11.473 2.269 7.056
He -12.825 13.158 -8.605
He 11.056 -9.310 1.179
He -6.787 7.148 -3.960
He 2.057 -3.414 -18.665
He -5.939 -0.669 -18.805
He -0.316 -12.138 -13.551
He -6.587 0.626 -16.726
He -4.967 -2.112 7.994
He 17.318 8.320 -2.806
He -5.609 -6.298 13.751
He -2.953 7.884 -16.314
He -0.601 5.220 -17.624
He 14.649 -6.576 -8.812
He 5.187 -6.003 17.728
He -5.864 -11.512 0.248
He -8.903 7.539 -4.260
He -8.934 -7.063 6.801
He -3.227 -15.225 7.562
He -2.438 -0.516 7.880
He 19.623 3.853 3.320
He -17.198 -2.957 7.443
He 15.535 -0.107 -7.602
He 8.733 -13.572 11.264
He -6.969 15.513 -2.579
He 15.719 -3.782 11.041
He -16.646 2.923 11.129
He -9.673 16.282 -7.835
He 5.540 -4.488 -4.119
He 13.845 11.595 6.683
He -5.045 10.849 -5.401
He -17.036 -3.077 -10.783
He -9.087 6.250 15.005
He 8.167 11.385 -11.926
He 13.152 -4.581 1.207
He 5.018 2.983 -2.884
He 7.108 -16.145 10.485
He -4.674 12.070 -8.644
He 5.853 -15.631 7.601
He 0.237 -11.032 11.195
He -7.654 1.787 9.076
He 1.160 4.722 -4.908
He 16.858 -7.029 -3.611
He 10.552 9.852 7.424
He -7.885 12.566 -1.946
He 10.419 7.079 -0.146
He 17.456 6.157 5.148
He -10.854 -3.383 12.079
He 14.118 1.922 3.417
He 13.123 -10.702 8.892
He -9.022 -2.834 -4.424
He -6.487 -5.479 -6.524
He 13.191 -11.047 2.659
He -6.858 3.815 -17.451
He -4.279 -9.333 -15.841
He -7.284 14.539 -12.583
He -2.623 -8.633 6.123
He 7.404 7.733 -7.159
He 13.804 -1.470 -9.195
He -0.304 -16.809 -2.879
He 8.581 -2.646 -18.308
He -0.397 -7.110 12.561
He -9.377 -14.907 -9.734
He 7.067 -7.299 1.053
He 17.335 -3.519 -3.296
He 5.321 12.857 -7.642
He 2.235 10.461 1.269
He 0.959 13.596 -10.528
He 14.137 -12.809 -5.645
He 7.141 -11.172 -15.602
He 13.765 8.693 -3.827
He 6.310 -13.091 0.797
He 10.124 5.655 -2.954
He -0.594 4.541 12.031
He 1.257 -0.820 9.160
He 7.925 -0.598 -11.403
He -8.134 -5.525 -14.753
He -5.837 13.342 2.255
He 1.735 13.332 -7.560
He -3.158 -11.320 -7.503
He 20.152 -2.452 2.053
He -0.120 16.500 9.176
He -8.663 3.126 -1.178
He 5.536 -12.854 7.408
He 4.854 -10.913 12.971
He 11.641 6.034 13.506
He -4.909 -1.588 1.139
He -2.651 5.779 18.023
He -1.409 7.376 -4.759
He -4.072 -9.291 -14.995
He 12.426 -5.256 -7.206
He 8.279 -4.512 7.029
He 14.894 3.168 -3.737
He 8.814 7.008 13.916
He 10.598 14.279 2.695
He -14.852 -5.586 12.949
He 0.349 4.107 -15.591
He -5.599 -6.992 6.765
He -17.873 0.551 4.833
He 2.761 -5.572 -18.098
He 9.079 12.059 3.358
He -7.934 -3.839 5.337
He -15.444 7.278 -3.579
He -7.282 17.803 -5.866
He -2.159 14.583 -3.649
He -12.172 4.545 -4.970
He -3.417 4.628 -11.044
He 8.317 13.267 -7.746
He 14.621 8.426 5.646
He -13.433 -14.115 -1.335
He -6.225 -12.152 13.750
He -1.231 -16.871 -8.246
He 12.193 14.451 -3.324
He 5.018 2.927 9.778
He -4.392 9.235 7.641
He -0.749 -4.718 11.341
He 8.359 -17.333 5.157
He 4.584 7.511 12.368
He -0.789 -12.394 7.290
He 3.047 0.497 19.568
He -1.172 5.753 -4.760
He -0.894 8.820 3.861
He -16.605 -1.259 10.731
He 6.608 3.033 1.081
He -4.100 -15.724 -11.752
He 0.354 -12.094 -8.922
He -8.591 -8.600 -5.269
He 12.151 7.755 -5.646
He 3.768 2.509 -15.208
He -7.598 -14.529 9.100
He 16.324 5.499 -3.468
He 1.161 15.593 -12.624
He -9.873 -13.093 8.851
He -9.666 -0.420 6.236
He -17.685 0.561 -0.458
He -9.403 0.544 14.939
He 2.895 -18.492 -2.022
He -11.154 -7.838 -14.352
He -3.119 -7.431 13.860
He -2.377 16.893 0.757
He -5.597 2.085 -19.709
He 1.269 -15.587 -13.446
He -4.683 17.524 4.238
He -7.394 -5.396 -15.597
He -14.797 0.059 12.470
He -12.347 2.502 10.396
He 9.731 -7.558 16.014
He 14.382 -5.143 -3.851
He 17.209 4.846 -0.154
He -10.520 7.861 14.084
He 5.397 15.121 -3.287
He -10.356 1.551 -0.673
He 1.899 3.221 13.183
He 12.237 -1.920 -1.715
He -3.227 10.276 11.479
He -7.790 -17.108 -7.387
He -0.983 -18.089 -0.417
He -0.500 -10.935 -17.451
He 7.946 -1.457 5.837
He 2.373 12.582 -3.782
He 11.197 -2.089 -11.848
He 3.823 -15.433 -10.726
He -5.298 -2.169 -4.209
He -0.258 -17.300 4.853
He 1.505 1.846 7.435
He -8.141 7.712 -2.062
He 11.424 -7.865 1.931
He 3.588 -8.778 17.460
He 0.891 -1.174 -5.440
He -11.694 2.205 -12.480
He -0.750 15.931 -3.296
He 16.009 4.625 8.858
He 10.312 -13.245 -1.589
He -1.552 -11.003 8.708
He -2.046 2.354 -16.073
He -2.708 -19.242 -0.787
He 11.176 -14.892 -3.786
He -12.755 6.315 -11.107
He -3.447 -10.739 -10.866
He -9.343 1.217 -3.818
He 1.408 -6.679 12.845
He 13.643 10.600 8.744
He -0.539 2.732 14.845
He -4.160 -10.732 11.469
He 11.164 7.574 1.182
He 13.917 -12.628 -4.269
He 8.964 10.250 -1.214
He -4.633 2.489 10.142
He 12.079 -7.661 0.629
He -0.643 7.775 -18.821
He -3.911 0.306 4.316
He -4.503 16.175 -2.935
He 2.836 4.521 -9.883
He -14.516 2.583 2.996
He -8.613 3.646 -10.409
He -6.080 0.218 -6.087
He 1.170 2.176 15.765
He -0.040 -17.773 10.072
He -6.611 -13.455 -6.541
He 12.017 0.671 -4.432
He -1.955 -2.218 -18.319
He -2.101 -0.437 -8.850
He 2.576 -9.676 -7.552
He 10.405 0.989 4.517
He 9.743 -4.693 -8.721
He 2.112 -5.393 -2.397
He -18.826 0.168 4.344
He 2.477 6.801 8.986
He -1.977 10.533 -15.002
He -3.019 8.386 14.379
He -0.963 8.150 -10.956
He 1.962 -17.658 -4.701
He 8.418 4.328 4.859
He -3.514 1.391 -11.232
He 4.657 19.527 -2.806
He 5.297 10.332 4.460
He 2.513 7.081 5.560
He 13.059 -1.204 10.517
He -14.316 -4.159 -1.637
He -2.611 0.390 0.371
He 7.622 -7.830 8.468
He -6.263 -15.739 -4.411
He 10.731 -4.173 -6.431
He 9.137 7.954 -3.468
He -2.457 2.809 10.498
He 7.086 12.988 12.501
He -8.762 -9.744 4.924
He -0.653 11.365 0.436
He 17.258 -5.944 -0.268
He 8.716 -17.111 -2.486
He -9.745 0.974 13.298
He 15.501 6.612 -9.087
He -1.754 9.681 10.086
He 14.347 -0.229 3.485
He 12.489 -15.082 -3.903
He 3.763 6.648 -6.284
He -3.716 0.293 10.512
He 9.672 7.132 3.133
He -4.294 3.222 4.943
He 16.730 -5.626 -4.272
He 8.543 11.511 5.647
He 4.045 -16.812 -3.685
He 10.090 -0.766 3.377
He 4.671 -5.839 0.600
He -8.351 -9.031 8.747
He 0.502 -5.111 7.849
He -8.170 7.468 12.030
He 10.886 0.606 10.733
He 12.044 7.060 3.226
He -11.961 1.009 -10.845
He -1.001 0.432 14.299
He 0.796 -4.242 -18.764
He -0.119 -18.034 -7.359
He -0.863 -1.653 -8.161
He -8.729 8.343 -13.573
He -2.530 4.727 2.977
He 12.559 -3.436 -11.056
He -15.937 7.691 4.420
He 2.494 -11.230 0.582
He -2.535 2.592 -17.964
He -2.669 -18.232 -1.889
He -6.848 -12.327 -4.470
He 11.907 -13.731 -3.072
He -7.924 10.549 12.556
He -8.781 -4.012 -8.956
He 5.185 1.201 3.553
He 5.913 -11.066 5.763
He 10.069 9.311 9.688
He 11.528 -5.433 3.837
He -2.653 10.437 -12.753
He -6.560 6.211 -6.580
He 0.029 7.513 7.984
He 1.602 14.235 -2.899
He 6.553 12.302 10.295
He 15.715 -3.432 -2.070
He -6.139 15.822 -1.316
He -12.023 0.152 11.811
He 7.383 -3.431 17.023
He -13.773 3.282 -6.557
He 10.467 -6.947 -13.670
He 8.983 17.798 1.722
He 0.404 -10.321 2.446
He 16.207 4.721 4.254
He -3.398 -11.996 11.554
He 0.066 4.862 15.986
He -0.728 18.991 2.107
He -3.544 13.889 10.578
He 12.444 -2.259 14.113
He 10.488 -8.592 -5.261
He -2.402 -0.697 -12.192
He -4.899 16.432 1.742
He 8.236 -11.191 15.275
He 11.645 0.491 -15.649
He 5.894 5.654 7.485
He 3.142 14.890 1.361
He -4.455 -0.586 -16.137
He 10.921 10.574 8.455
He -5.258 1.875 -14.933
He 0.607 -7.664 -14.503
He 8.095 -7.422 2.389
He 14.591 10.701 9.248
He -10.824 -1.241 16.034
He -14.359 0.861 2.289
He 0.597 12.685 -15.508
He -4.920 12.295 -3.121
He 8.112 0.907 18.176
He -2.943 -13.886 -7.695
He 13.523 -10.575 4.821
He -13.315 5.690 2.448
He -11.517 16.441 1.537
He -10.405 -1.466 -17.201
He -7.773 9.147 6.403
He 0.512 13.846 10.111
He -7.111 -12.244 10.332
He -3.091 12.505 2.580
He 2.512 -1.560 3.097
He 6.783 9.606 9.885
He -3.150 19.120 6.354
He -6.656 -5.558 17.830
He 3.246 -12.649 -1.850
He -4.163 1.181 18.794
He 8.620 -10.599 -7.227
He -0.636 -3.972 -11.409
He 1.772 11.119 4.768
He 4.226 2.022 -4.511
He -10.445 4.967 14.818
He -18.667 -6.340 -5.423
He 9.271 12.070 6.617
He 12.788 8.728 5.171
He -13.133 -6.228 14.177
He 18.601 0.900 -5.898
He -5.129 -14.566 -8.449
He 5.676 1.960 -9.267
He -0.433 -6.331 -14.111
He 17.899 -8.846 3.846
He 7.415 -7.876 10.122
He 12.647 -9.816 -6.978
He 3.369 -10.841 -3.237
He -7.216 -12.245 -1.760
He -5.927 -10.273 15.034
He -9.408 -14.600 3.315
He 12.807 2.651 -11.653
He -6.639 2.056 -0.562
He -8.962 -1.555 -11.682
He 8.825 11.418 -9.695
He -7.266 -2.330 -1.211
He 5.424 15.033 12.563
He 4.573 -1.024 17.004
He -0.627 9.772 15.284
He -0.051 18.235 3.027
He -3.965 -5.029 6.696
He -13.496 1.437 9.868
He 3.212 13.980 12.362
He 10.218 13.706 0.779
He -8.987 7.020 9.940
He -12.552 6.812 10.566
He 2.819 16.689 5.050
He -2.789 5.129 9.016
He -11.033 -8.977 10.772
He 7.231 11.595 -1.116
He 5.007 -7.971 -0.931
He -4.205 16.205 1.718
He 12.158 2.642 12.795
He 11.050 -4.545 -3.178
He 10.395 -6.536 -0.459
He 6.873 -0.473 10.543
He -12.536 11.142 5.935
He -15.952 -9.560 -4.956
He -1.375 16.878 8.897
He -5.368 10.790 8.098
He -14.433 8.891 0.349
He -11.423 8.577 8.212
He 4.767 0.678 -16.374
He -2.108 -7.574 -7.555
He 3.814 -2.706 16.966
He -18.411 -3.726 -3.282
He -5.561 -10.400 3.277
He 9.297 -11.159 13.667
He 4.006 9.932 -11.507
He 7.873 -14.855 -2.205
He 3.085 -0.255 -4.767
He 9.862 -1.568 -9.455
He -8.685 -7.008 -12.386
He 19.546 -1.202 -0.128
He -9.348 -0.091 -0.428
He -14.906 5.248 -2.892
He -0.919 -11.115 -9.174
He 1.665 -14.209 -0.415
He -12.782 9.572 9.657
He 6.294 6.881 -16.282
He -10.577 3.372 2.478
He 4.792 -14.774 -9.193
He -0.089 -4.682 17.851
He 0.881 -16.625 10.587
He 9.017 -1.566 4.312
He 2.825 -3.837 11.774
He 7.054 3.027 6.063
He 11.382 -2.938 16.131
He -0.769 3.960 8.737
He -7.699 3.682 -13.359
He -9.126 9.132 0.540
He -5.831 -15.643 10.579
He -13.240 -2.583 0.093
He -4.489 -4.397 -12.482
He 11.572 -5.250 2.323
He -0.418 -1.909 -19.874
He 9.165 -10.642 5.958
He -0.728 0.864 8.375
He 9.075 -4.414 11.991
He -10.044 -1.446 -16.983
He 13.317 -0.223 0.140
He -16.311 -4.464 2.163
He 3.693 -13.214 15.278
He 13.030 -6.563 10.564
He -6.145 18.546 -1.220
He -3.848 -2.953 6.818
He -4.211 -10.719 15.902
He -7.360 17.666 -1.909
He -1.027 -0.820 -7.723
He 7.822 4.998 -9.300
He -5.455 -8.418 13.720
He -4.450 -0.607 6.885
He -4.570 10.500 6.519
He -11.124 9.867 2.823
He 15.334 8.266 -2.669
He -2.228 4.603 -11.372
He -9.511 -7.921 -1.925
He 1.422 -16.215 6.333
He 16.079 -7.768 -3.374
He -10.604 14.423 3.137
He 5.343 -9.911 11.079
He -5.784 -8.586 11.614
He -2.771 14.186 10.914
He -2.866 10.411 14.631
He 8.339 -18.595 -2.807
He -7.966 4.308 0.078
He -2.973 9.997 16.984
He 2.731 -2.170 -6.241
He -0.190 -5.118 -4.415
He 8.847 -9.740 9.433
He 11.864 5.574 -9.225
He -4.897 14.614 -7.324
He -5.895 -0.234 3.751
He -2.209 19.221 -5.188
He 14.877 -5.285 8.010
He 7.703 -3.253 -16.261
He 2.238 -17.592 -8.763
He 10.645 13.563 -1.340
He 9.730 -9.615 -1.132
He -4.848 4.345 -6.196
He -9.562 -11.111 9.772
He -16.837 10.705 -2.504
He -1.782 -13.812 11.856
He -16.747 10.736 -3.293
He -9.947 -10.835 7.415
He 2.383 9.104 14.674
He 9.750 5.525 -6.249
He 14.385 10.293 -4.289
He -12.589 -7.977 2.207
He -13.812 4.368 6.193
He 13.286 11.275 -6.558
He 7.094 4.143 -4.165
He 6.019 -9.993 -12.234
He -8.112 -4.228 -3.584
He 2.666 15.799 9.066
He -12.682 -8.589 0.684
He -8.169 9.707 -12.176
He 15.207 -9.693 -3.801
He 6.311 -6.894 14.922
He 4.839 -6.196 -11.324
He -15.167 -11.538 4.593
He 3.195 -4.041 -6.576
He -10.160 8.110 9.568
He -8.133 -3.558 -1.458
He -7.815 -5.608 -16.249
He -18.366 -0.617 6.932
He 13.908 5.248 -7.199
He 1.826 -10.233 -8.877
He -14.880 4.509 -3.602
He 0.122 -3.814 16.350
He 11.944 14.501 -8.582
He 5.223 16.827 -1.624
He -0.064 14.415 -2.793
He -14.498 12.570 -3.742
He -6.880 16.586 7.139
He -4.411 -0.239 7.432
He 1.045 1.867 -7.426
He 2.154 -12.326 -12.445
He -10.905 -2.731 -2.679
He 6.391 9.014 -1.322
He -6.354 -0.950 14.702
He 2.150 4.773 8.515
He 12.178 0.475 -8.589
He 2.848 5.649 19.159
He 6.640 11.503 -14.178
He -4.274 -5.127 -18.970
He 12.163 0.026 -4.544
He -0.403 0.883 14.804
He -9.369 11.657 5.670
He 13.122 0.268 14.617
He 6.500 16.131 -0.386
He 1.669 7.767 1.666
He 6.079 2.937 -4.160
He -17.384 7.467 -6.855
He 17.416 7.103 -4.407
He -13.335 6.410 14.113
He -5.137 12.271 -4.202
He -0.085 -9.822 -5.468
He 5.455 2.845 13.961
He 16.379 8.778 1.676
He -5.607 8.078 -0.316
He -14.824 -5.899 -7.619
He 3.973 -8.054 -11.998
He 14.434 2.840 5.965
He -14.352 -4.030 0.239
He -8.989 -6.724 9.937
He 8.985 -4.037 15.562
He 2.783 4.060 -7.265
He -3.956 -3.478 1.591
He 10.807 1.413 7.292
He 6.391 7.727 -0.590
He -3.699 0.615 -10.102
He 14.484 -12.725 1.342
He -11.682 -5.382 10.122
He -16.744 -4.553 0.866
He 1.345 -12.435 -10.000
He -2.683 2.321 -12.244
He 15.245 -3.711 3.936
He 12.678 8.379 -10.497
He -18.409 1.288 0.253
He -1.943 -17.642 -7.225
He 1.951 -4.918 -11.776
He -7.263 0.492 -8.329
He 13.255 1.170 14.292
He 0.580 18.174 -6.011
He 2.405 3.274 11.132
He -1.961 9.415 -4.542
He -9.774 5.677 -4.900
He 0.938 -11.589 11.770
He -3.056 -4.693 -2.081
He -3.119 11.342 -9.381
He -8.240 -12.899 9.653
He 7.383 6.932 11.985
He 0.880 9.642 -14.694
He -1.349 -1.661 -9.108
He 15.217 3.394 -0.580
He -5.914 1.007 -0.893
He 9.260 11.962 8.759
He 0.138 1.108 15.357
He -19.824 1.485 -0.938
He -0.145 12.583 5.547
He 6.440 -16.575 5.131
He -13.452 10.468 6.646
He -19.804 1.401 1.575
He -1.939 -6.248 0.384
He 6.999 17.980 -0.642
He 1.950 -3.177 -17.236
He -15.709 -2.594 8.728
He 7.807 11.764 1.288
He 1.674 10.147 -14.581
He 8.559 -3.624 11.354
He 8.816 -2.892 -8.216
He -7.725 -11.159 0.601
He -0.684 -11.771 10.497
He 12.253 12.210 9.422
He -14.592 -12.301 -7.869
He -5.858 15.009 6.164
He -7.079 5.426 13.729
He -5.070 4.901 -11.014
He 4.539 10.148 6.195
He 1.787 -5.055 -12.486
He 13.926 14.913 0.922
He 0.676 0.170 2.318
He 2.921 -0.418 16.527
He 16.096 12.205 1.959
He -4.211 -19.173 -2.510
He -5.148 15.450 3.410
He 0.232 -11.839 -5.262
He -2.294 9.134 16.406
He 7.190 -16.446 -4.727
He -7.410 1.998 -12.623
He 14.181 10.936 0.054
He -4.799 14.589 -6.146
He 9.733 15.085 6.271
He -0.610 15.325 -10.240
He -6.449 -8.306 -14.337
He 8.539 8.174 7.699
He 11.470 -4.002 -13.853
He 14.900 0.011 11.590
He 6.892 1.563 0.081
He 7.400 -10.020 -4.481
He -3.718 -2.208 -10.690
He -15.282 9.172 -9.515
He -2.775 -0.625 -16.379
He -6.399 -2.465 -5.241
He 6.596 16.899 0.931
He -1.796 13.411 2.385
He -15.723 -7.431 3.240
He 6.228 -6.976 -12.050
He -3.882 -11.260 -0.614
He -7.750 -3.734 5.834
He 8.808 10.362 -13.032
He 11.449 5.060 -9.478
He -10.754 13.574 0.468
He 10.458 0.568 -16.055
He -3.762 7.236 -3.718
He 1.355 -12.652 -10.851
He 2.856 10.555 -13.440
He 5.165 -1.152 14.148
He -6.934 19.172 -2.753
He -18.399 1.384 -4.540
He -0.530 -13.095 -10.478
He -9.845 -1.738 16.451
He -18.247 -5.378 -2.151
He 6.205 -3.272 16.361
He 6.228 9.759 2.531
He 8.126 -2.881 17.061
He -3.561 -7.722 -16.507
He -14.908 -4.236 4.909
He -3.328 3.112 8.748
He 15.676 0.112 5.362
He -6.872 2.631 3.451
He 16.353 12.480 -0.317
He -7.056 18.065 -4.632
He 10.730 12.711 5.591
He 4.855 4.283 -14.729
He 0.359 -4.317 10.962
He -14.187 5.571 -2.485
He 7.957 4.747 -11.830
He 17.312 0.190 6.484
He 7.093 19.106 1.011
He -6.574 15.295 -9.454
He -2.681 -11.190 -12.469
He -8.644 -15.773 -6.338
He 2.927 10.851 5.897
He 1.461 -17.930 2.679
He -15.715 6.904 10.480
He 17.753 -5.303 -5.787
He 14.368 -11.220 0.716
He 12.405 -5.439 0.299
He -9.676 13.133 3.150
He 3.124 -4.081 -2.762
He -5.926 9.962 16.396
He 8.389 13.328 10.109
He -1.680 -13.691 11.419
He 1.018 -8.455 7.120
He -1.962 11.137 15.394
He 11.140 -7.139 12.346
He -3.735 5.675 18.841
He 9.064 0.402 2.818
He -10.343 4.034 3.402
He 11.603 -1.549 16.013
He 12.775 0.040 -11.322
He 16.661 -8.137 -5.320
He -11.465 -6.974 3.992
He -13.513 5.527 12.587
He -11.632 -9.749 4.256
He 3.791 3.985 18.914
He 3.714 8.084 16.429
He -0.437 -5.539 -13.518
He 17.578 3.272 -3.860
He 6.490 -13.636 5.325
He 4.800 -12.254 5.381
He -8.194 -3.714 -2.926
He -0.068 8.818 11.188
He -6.194 10.157 -9.287
He -4.861 2.663 5.946
He 9.478 -13.663 4.152
He 5.802 16.515 -1.314
He -12.815 -13.422 7.478
He 7.871 -12.029 -13.318
He -13.752 2.870 13.238
He 9.789 -7.735 -14.460
He -1.551 10.566 17.178
He 15.510 2.000 -13.269
He 14.071 -13.963 -2.754
He -8.215 -8.002 -16.779
He 17.733 -1.200 -0.707
He -11.262 9.465 -3.981
He 6.503 -15.534 -11.722
He -5.950 12.930 -10.202
He 9.759 4.780 -11.423
He 1.325 -10.627 -15.143
He 9.154 -11.210 -6.824
He 1.268 20.533 0.237
He 8.157 5.286 16.148
He 10.597 -9.529 -7.070
He 11.489 -2.253 0.652
He -11.408 -3.276 2.444
He -5.536 6.172 7.319
He -13.911 2.246 -2.365
He 0.497 -12.790 2.171
He 11.712 8.435 -13.351
He 2.815 20.288 -2.469
He 7.416 -11.260 5.636
He 11.328 -7.888 -2.678
He -10.935 -9.755 -6.400
He -10.270 7.919 -9.997
He -12.003 -5.374 5.120
He -10.902 -1.266 8.763
He 14.266 -8.904 -10.699
He 2.118 -9.816 3.321
He 18.829 6.520 2.142
He -3.688 11.567 11.615
He 3.370 -11.591 -0.610
He 12.724 -15.469 -3.280
He 0.258 -12.742 -14.064
He -5.356 -11.363 3.349
He 11.888 0.390 -0.156
He -15.523 1.633 12.392
He 6.650 12.855 8.672
He -7.826 -2.163 6.169
He -8.619 -5.253 13.166
He -2.676 -18.491 -8.009
He -7.062 12.091 9.075
He 8.432 -3.001 10.367
He 12.156 -4.805 -10.243
He -6.120 -13.937 9.078
He 1.955 -10.480 -2.324
He -7.971 -7.408 10.788
He -13.254 1.023 -15.185
He -2.887 6.660 11.704
He -14.132 -4.830 5.710
He -1.331 -1.408 -16.965
He -14.926 -1.502 -12.186
He 1.329 -4.497 5.407
He 0.249 11.138 -0.344
He 6.546 3.685 -15.255
He -0.202 9.493 -4.614
He 8.870 1.619 -14.238
He -5.940 -17.587 7.942
He 7.276 1.036 -4.807
He -10.234 17.071 -2.684
He 6.769 -3.555 -5.676
He 5.083 -17.699 -0.646
He 2.275 8.441 16.240
He -1.849 13.177 -13.951
He 10.628 -1.568 9.214
He -4.558 -15.182 -8.619
He 1.297 -15.288 1.603
He 0.944 1.173 -18.862
He -9.901 4.953 -11.600
He -17.381 -8.297 2.912
He 4.372 -0.731 -8.081
He -6.930 16.784 0.950
He 3.323 5.030 10.427
He 3.276 -0.464 6.373
He 7.545 10.420 15.398
He 11.365 8.168 -10.143
He 9.916 -6.271 1.310
He 13.580 -0.847 12.426
He -4.290 -11.816 7.097
He 11.443 -5.194 -12.611
He 6.899 9.370 -9.378
He -15.071 0.222 -0.665
He -1.277 -1.737 -2.600
He -18.854 -0.705 0.655
He 8.222 -8.247 12.611
He 1.621 13.363 -5.844
He -7.918 5.138 -12.901
He -6.086 5.128 -8.241
He 11.635 -10.507 4.075
He -13.212 12.556 -7.444
He -12.319 -3.324 15.779
He -16.405 1.692 6.370
He 2.499 -6.396 13.560
He 16.029 11.605 4.305
He 6.991 -9.753 -6.138
He -13.841 -8.002 10.681
He 12.474 -9.709 0.310
He -14.591 7.725 -0.350
He 13.767 -1.545 10.037
He 1.952 6.557 -16.904
He 0.792 -3.154 -8.420
He 7.190 -4.274 -3.552
He 3.240 -7.806 14.865
He 5.390 3.743 -8.780
He -12.579 2.894 -12.944
He 8.797 -8.526 -6.714
He 5.238 -3.495 14.091
He 6.661 -5.017 16.532
He -17.024 10.756 4.177
He -13.298 -12.820 4.816
He -3.408 4.425 5.629
He -0.216 -5.693 5.656
He 0.424 -2.087 13.571
He 1.863 -13.078 2.211
He -4.167 -6.649 0.594
He 9.709 1.680 5.453
He 2.854 8.954 9.065
He -4.856 16.340 -7.804
He 2.267 2.290 20.170
He 4.671 -3.749 -14.303
He -4.122 3.604 -8.003
He -2.895 12.441 4.206
He -12.045 -5.378 -6.315
He 1.908 -5.725 3.243
He 16.039 -0.210 11.154
He 2.432 4.725 -19.682
He 11.614 -8.158 3.198
He -15.528 3.942 4.073
He -1.007 15.232 -4.956
He -10.897 -6.376 13.927
He 5.501 -2.430 -15.130
He 8.514 0.521 6.615
He -8.767 11.795 0.205
He 20.132 2.476 -0.940
He -5.866 13.430 -5.117
He 1.832 -15.533 2.938
He 4.190 5.801 -7.722
He 6.163 13.338 8.569
He 5.854 11.996 -0.997
He -10.086 14.413 4.527
He -8.633 -0.875 -17.336
He -17.988 1.700 7.961
He 10.659 -11.541 -3.855
He -4.988 -9.496 2.295
He -0.636 4.335 1.322
He 14.263 8.950 4.286
He -3.251 -4.409 2.127
He -1.455 -11.402 10.543
He -9.242 7.222 0.638
He -6.163 1.841 -4.344
He 0.640 7.054 14.080
He -5.095 12.547 14.754
He -11.665 13.011 0.952
He -1.583 -0.843 7.638
He 1.786 -19.493 -3.923
He -6.209 3.131 -2.792
He 3.959 9.441 -17.015
He -17.242 0.767 -9.275
He 8.118 -15.946 -3.743
He -20.040 -3.457 3.117
He 0.152 -3.381 7.699
